i:  2
j: 230
0	0.137340802813902	0.0373882532526779
0.0996270439291609	0.451287800008519	0.0996270439291609
0.0373882532526779	0.137340802813902	0
i:  2
j: 240
0	0.177048972311573	0.0278371363721654
0.0623649033616101	0.465497975909303	0.0623649033616101
0.0278371363721654	0.177048972311573	0
i:  2
j: 250
0	0.220141512111932	0.00794398745937855
0.0234183878055833	0.496992225246212	0.0234183878055833
0.00794398745937855	0.220141512111932	0
i:  2
j: 260
0	0.246201087117977	0
0	0.507597825764045	0
0	0.246201087117977	0
i:  2
j: 270
0.25
0.5
0.25
i:  2
j: 280
0	0.246201087117977	0
0	0.507597825764045	0
0	0.246201087117977	0
i:  2
j: 290
0.00794398745937866	0.220141512111932	0
0.0234183878055831	0.496992225246212	0.0234183878055831
0	0.220141512111932	0.00794398745937866
i:  2
j: 300
0.0278371363721652	0.177048972311573	0
0.06236490336161	0.465497975909303	0.06236490336161
0	0.177048972311573	0.0278371363721652
i:  2
j: 310
0.0373882532526779	0.137340802813902	0
0.0996270439291609	0.451287800008519	0.0996270439291609
0	0.137340802813902	0.0373882532526779
i:  3
j: 230
0	0.102337442281932	0.185588623429499
0.0501269550402968	0.323893958496545	0.0501269550402968
0.185588623429499	0.102337442281932	0
i:  3
j: 240
0	0.164659679641861	0.164659679641861
1.13696146308591e-16	0.341361281432554	1.13696146308591e-16
0.164659679641861	0.164659679641861	0
i:  3
j: 250
0	0.218739476310379	0.1136963633713
0	0.335128320636642	0
0.1136963633713	0.218739476310379	0
i:  3
j: 260
0	0.275376913846166	0.05786715518914
0	0.333511861929387	0
0.05786715518914	0.275376913846166	0
i:  3
j: 270
0.333333333333333
0.333333333333333
0.333333333333333
i:  3
j: 280
0.05786715518914	0.275376913846166	0
0	0.333511861929387	0
0	0.275376913846166	0.05786715518914
i:  3
j: 290
0.1136963633713	0.218739476310379	0
0	0.335128320636642	0
0	0.218739476310379	0.1136963633713
i:  3
j: 300
0.164659679641861	0.164659679641861	0
7.57974308723939e-17	0.341361281432554	7.57974308723939e-17
0	0.164659679641861	0.164659679641861
i:  3
j: 310
0.185588623429499	0.102337442281932	0
0.0501269550402968	0.323893958496545	0.0501269550402968
0	0.102337442281932	0.185588623429499
i:  4
j: 230
0	0	0.035041923641644
0	0.0843985201821468	0.207147982109968
0.0552766458403676	0.236269856451747	0.0552766458403676
0.207147982109968	0.0843985201821468	0
0.035041923641644	0	0
i:  4
j: 240
0	0	0.0631975100028549
0	0.123533665975008	0.156634412011068
0.0331007460360596	0.247067331950017	0.0331007460360596
0.156634412011068	0.123533665975008	0
0.0631975100028549	0	0
i:  4
j: 250
0	0.0525302790356814	0.0565918365318215
0	0.158698896846716	0.0970378247152549
0.0145456041790805	0.24119111738289	0.0145456041790805
0.0970378247152549	0.158698896846716	0
0.0565918365318215	0.0525302790356814	0
i:  4
j: 260
0	0.101908000933712	0.0231167157734063
0	0.202472979763395	0.046269739409149
0.00372240906813166	0.245020310104412	0.00372240906813166
0.046269739409149	0.202472979763395	0
0.0231167157734063	0.101908000933712	0
i:  4
j: 270
0.125
0.25
0.25
0.25
0.125
i:  4
j: 280
0.0231167157734063	0.101908000933712	0
0.0462697394091489	0.202472979763395	0
0.00372240906813166	0.245020310104412	0.00372240906813166
0	0.202472979763395	0.0462697394091489
0	0.101908000933712	0.0231167157734063
i:  4
j: 290
0.0565918365318216	0.0525302790356814	0
0.0970378247152548	0.158698896846716	0
0.0145456041790805	0.24119111738289	0.0145456041790805
0	0.158698896846716	0.0970378247152548
0	0.0525302790356814	0.0565918365318216
i:  4
j: 300
0.063197510002855	0	0
0.156634412011068	0.123533665975009	0
0.0331007460360596	0.247067331950017	0.0331007460360596
0	0.123533665975009	0.156634412011068
0	0	0.063197510002855
i:  4
j: 310
0.035041923641644	0	0
0.207147982109968	0.0843985201821468	0
0.0552766458403676	0.236269856451747	0.0552766458403676
0	0.0843985201821468	0.207147982109968
0	0	0.035041923641644
i:  5
j: 230
0	0	0	0.0844559966032942	0.027287482374152
0	0	0.0667705813662113	0.163881915991768	0.020412144102662
0	0.0437312617658461	0.186921235592133	0.0437312617658461	0
0.020412144102662	0.163881915991768	0.0667705813662113	0	0
0.027287482374152	0.0844559966032942	0	0	0
i:  5
j: 240
0	0	0.146410161513775
0	0.0999999999999999	0.126794919243112
0.0267949192431123	0.2	0.0267949192431123
0.126794919243112	0.0999999999999999	0
0.146410161513775	0	0
i:  5
j: 250
0	0.0590085306628584	0.127868308870115
0	0.127129986428935	0.0777347390830274
0.0116521443981634	0.193212581113799	0.0116521443981634
0.0777347390830274	0.127129986428935	0
0.127868308870115	0.0590085306628584	0
i:  5
j: 260
0	0.128814594943337	0.0685406234332784
0	0.163417146343661	0.0373445819049232
0.00300437850101625	0.197757349747568	0.00300437850101625
0.0373445819049232	0.163417146343661	0
0.0685406234332784	0.128814594943337	0
i:  5
j: 270
0.2
0.2
0.2
0.2
0.2
i:  5
j: 280
0.0685406234332784	0.128814594943337	0
0.0373445819049232	0.163417146343661	0
0.00300437850101625	0.197757349747568	0.00300437850101625
0	0.163417146343661	0.0373445819049232
0	0.128814594943337	0.0685406234332784
i:  5
j: 290
0.127868308870115	0.0590085306628585	0
0.0777347390830273	0.127129986428935	0
0.0116521443981634	0.193212581113799	0.0116521443981634
0	0.127129986428935	0.0777347390830273
0	0.0590085306628585	0.127868308870115
i:  5
j: 300
0	0.146410161513775	0	0	0
0	0.126794919243112	0.0999999999999999	0	0
0	0.0267949192431123	0.2	0.0267949192431123	0
0	0	0.0999999999999999	0.126794919243112	0
0	0	0	0.146410161513775	0
i:  5
j: 310
0.027287482374152	0.0844559966032942	0	0	0
0.020412144102662	0.163881915991768	0.0667705813662113	0	0
0	0.0437312617658461	0.186921235592133	0.0437312617658461	0
0	0	0.0667705813662113	0.163881915991768	0.020412144102662
0	0	0	0.0844559966032942	0.027287482374152
i:  6
j: 230
0	0	0	0.0760962109582625	0.0946957464555343
0	0	0.0565749231517356	0.138857661764875	0.0175323475386818
0	0.0370536353452087	0.158378949571402	0.0370536353452087	0
0.0175323475386818	0.138857661764875	0.0565749231517356	0	0
0.0946957464555343	0.0760962109582625	0	0	0
i:  6
j: 240
0	0	0	0.0214460386629107	0
0	0	0	0.144604401291192	0.0387466325479609
0	0	0.0834873900114742	0.105857768743231	0
0	0.0223703787317567	0.166974780022948	0.0223703787317567	0
0	0.105857768743231	0.0834873900114742	0	0
0.0387466325479609	0.144604401291192	0	0	0
0	0.0214460386629107	0	0	0
i:  6
j: 250
0	0	0.0552855633599819
0	0.0524117593532068	0.123473243867042
0	0.109146452697333	0.0667385505229162
0.0100038571787904	0.165881146041458	0.0100038571787904
0.0667385505229162	0.109146452697333	0
0.123473243867042	0.0524117593532068	0
0.0552855633599819	0	0
i:  6
j: 260
0	0.0502212070215981	0.0356604040730768
0	0.106182845487298	0.0589702103945117
0	0.134432201483755	0.0307208543980549
0.00247149840159809	0.162681557480212	0.00247149840159809
0.0307208543980549	0.134432201483755	0
0.0589702103945117	0.106182845487298	0
0.0356604040730768	0.0502212070215981	0
i:  6
j: 270
0.0833333333333332
0.166666666666666
0.166666666666666
0.166666666666666
0.166666666666666
0.166666666666666
0.0833333333333332
i:  6
j: 280
0.0356604040730766	0.0502212070215981	0
0.0589702103945117	0.106182845487299	0
0.0307208543980549	0.134432201483755	0
0.0024714984015981	0.162681557480212	0.0024714984015981
0	0.134432201483755	0.0307208543980549
0	0.106182845487299	0.0589702103945117
0	0.0502212070215981	0.0356604040730766
i:  6
j: 290
0.0552855633599819	0	0
0.123473243867042	0.0524117593532069	0
0.0667385505229162	0.109146452697333	0
0.0100038571787904	0.165881146041458	0.0100038571787904
0	0.109146452697333	0.0667385505229162
0	0.0524117593532069	0.123473243867042
0	0	0.0552855633599819
i:  6
j: 300
i:  6
j: 310
0.0946957464555343	0.0760962109582625	0	0	0
0.0175323475386818	0.138857661764875	0.0565749231517356	0	0
0	0.0370536353452087	0.158378949571402	0.0370536353452087	0
0	0	0.0565749231517356	0.138857661764875	0.0175323475386818
0	0	0	0.0760962109582625	0.0946957464555343
i:  7
j: 230
0	0	0	0	0.0408209936169294
0	0	0	0.0666013661649642	0.104446271880191
0	0	0.0495158316706481	0.121531806374507	0.0153447626820159
0	0.032430297176332	0.138617340868823	0.032430297176332	0
0.0153447626820159	0.121531806374507	0.0495158316706481	0	0
0.104446271880191	0.0666013661649642	0	0	0
0.0408209936169294	0	0	0	0
i:  7
j: 240
0	0	0	0.0495295314036619	0.049529531403662
0	0	0	0.119653396269213	0.0370208896435065
0	0	0.0690819205454831	0.0875923653672364	0
0	0.0185104448217532	0.138163841090966	0.0185104448217532	0
0	0.0875923653672364	0.0690819205454831	0	0
0.0370208896435065	0.119653396269213	0	0	0
0.049529531403662	0.0495295314036619	0	0	0
i:  7
j: 250
0	0	0	0.116493698226012	0.00133977619384011
0	0	0.0450401838152412	0.106107058199629	0
0	0	0.093795292372085	0.0573519496427855	0
0	0.00859684108594174	0.142550400928929	0.00859684108594174	0
0	0.0573519496427855	0.093795292372085	0	0
0	0.106107058199629	0.0450401838152412	0	0
0.00133977619384011	0.116493698226012	0	0	0
i:  7
j: 260
i:  7
j: 270
0.142857142857143
0.142857142857143
0.142857142857143
0.142857142857143
0.142857142857143
0.142857142857143
0.142857142857143
i:  7
j: 280
0.0732447472850625	0.06735505144934	0
0.0511783732678131	0.0921527202401375	0
0.0266616541296268	0.116669439378324	0
0.0021449349914404	0.14118615851651	0.0021449349914404
0	0.116669439378324	0.0266616541296268
0	0.0921527202401375	0.0511783732678131
0	0.06735505144934	0.0732447472850625
i:  7
j: 290
0.00133977619384009	0.116493698226012	0	0	0
0	0.106107058199629	0.0450401838152413	0	0
0	0.0573519496427855	0.093795292372085	0	0
0	0.00859684108594173	0.142550400928929	0.00859684108594173	0
0	0	0.093795292372085	0.0573519496427855	0
0	0	0.0450401838152413	0.106107058199629	0
0	0	0	0.116493698226012	0.00133977619384009
i:  7
j: 300
0.0495295314036619	0.049529531403662	0	0	0
0.0370208896435063	0.119653396269213	9.20356065299052e-17	0	0
0	0.0875923653672363	0.0690819205454832	0	0
0	0.0185104448217532	0.138163841090966	0.0185104448217532	0
0	0	0.0690819205454832	0.0875923653672363	0
0	0	9.20356065299052e-17	0.119653396269213	0.0370208896435063
0	0	0	0.049529531403662	0.0495295314036619
i:  7
j: 310
0.0408209936169294	0	0	0	0
0.104446271880191	0.0666013661649642	0	0	0
0.0153447626820159	0.121531806374507	0.0495158316706481	0	0
0	0.032430297176332	0.138617340868823	0.032430297176332	0
0	0	0.0495158316706481	0.121531806374507	0.0153447626820159
0	0	0	0.0666013661649642	0.104446271880191
0	0	0	0	0.0408209936169294
i:  8
j: 230
0	0	0	0	0	0.072694126236192	0.0225804602261519
0	0	0	0	0.0587031747718895	0.0920600898376247	0
0	0	0	0.0436437972358984	0.107119467373616	0.013525042163916	0
0	0	0.0285844196999072	0.122178844909607	0.0285844196999072	0	0
0	0.013525042163916	0.107119467373616	0.0436437972358984	0	0	0
0	0.0920600898376247	0.0587031747718895	0	0	0	0
0.0225804602261519	0.072694126236192	0	0	0	0	0
i:  8
j: 240
0	0	0	0	0
0	0	0	0.045570624479389	0.0931362033174455
0	0	0	0.107821255184556	0.0333600124515549
0	0	0.0622506307051665	0.0789306369309439	0
0	0.0166800062257774	0.124501261410333	0.0166800062257774	0
0	0.0789306369309439	0.0622506307051665	0	0
0.0333600124515549	0.107821255184556	0	0	0
0.0931362033174455	0.045570624479389	0	0	0
0	0	0	0	0
i:  8
j: 250
0	0	0	0.0327377340239927	0
0	0	0	0.11410860945628	0.0183183691202424
0	0	0.0394619671867078	0.092965722922626	0
0	0	0.0821787665218714	0.0502489235874624	0
0	0.00753212425229879	0.124895565857035	0.00753212425229879	0
0	0.0502489235874624	0.0821787665218714	0	0
0	0.092965722922626	0.0394619671867078	0	0
0.0183183691202424	0.11410860945628	0	0	0
0	0.0327377340239927	0	0	0
i:  8
j: 260
0	0.0219392381651653	0.0396323597471523
0	0.0589848775976566	0.0660131540535797
0	0.08036573474328	0.0446322969079562
0	0.101746591888903	0.0232514397623328
0.00187058261670933	0.123127449034527	0.00187058261670933
0.0232514397623328	0.101746591888903	0
0.0446322969079562	0.08036573474328	0
0.0660131540535797	0.0589848775976566	0
0.0396323597471523	0.0219392381651653	0
i:  8
j: 270
0.0624999999999999
0.125
0.125
0.125
0.125
0.125
0.125
0.125
0.0624999999999999
i:  8
j: 280
0.0396323597471523	0.0219392381651653	0
0.0660131540535796	0.0589848775976566	0
0.0446322969079562	0.0803657347432801	0
0.0232514397623328	0.101746591888903	0
0.00187058261670933	0.123127449034527	0.00187058261670933
0	0.101746591888903	0.0232514397623328
0	0.0803657347432801	0.0446322969079562
0	0.0589848775976566	0.0660131540535796
0	0.0219392381651653	0.0396323597471523
i:  8
j: 290
0	0.0327377340239928	0	0	0
0.0183183691202423	0.11410860945628	0	0	0
0	0.0929657229226259	0.0394619671867078	0	0
0	0.0502489235874623	0.0821787665218714	0	0
0	0.00753212425229878	0.124895565857035	0.00753212425229878	0
0	0	0.0821787665218714	0.0502489235874623	0
0	0	0.0394619671867078	0.0929657229226259	0
0	0	0	0.11410860945628	0.0183183691202423
0	0	0	0.0327377340239928	0
i:  8
j: 300
0	0	0	0	0
0.0931362033174453	0.0455706244793892	0	0	0
0.0333600124515548	0.107821255184556	8.29345002075762e-17	0	0
0	0.0789306369309438	0.0622506307051665	0	0
0	0.0166800062257774	0.124501261410333	0.0166800062257774	0
0	0	0.0622506307051665	0.0789306369309438	0
0	0	8.29345002075762e-17	0.107821255184556	0.0333600124515548
0	0	0	0.0455706244793892	0.0931362033174453
0	0	0	0	0
i:  8
j: 310
0.0225804602261519	0.072694126236192	0	0	0	0	0
0	0.0920600898376247	0.0587031747718895	0	0	0	0
0	0.013525042163916	0.107119467373616	0.0436437972358984	0	0	0
0	0	0.0285844196999072	0.122178844909607	0.0285844196999072	0	0
0	0	0	0.0436437972358984	0.107119467373616	0.013525042163916	0
0	0	0	0	0.0587031747718895	0.0920600898376247	0
0	0	0	0	0	0.072694126236192	0.0225804602261519
i:  9
j: 230
0	0	0	0	0	0	0
0	0	0	0	0	0.0673400617729546	0.0631738847218365
0	0	0	0	0.0535919011981538	0.0840444364047185	0
0	0	0	0.0398437406233529	0.0977925969795193	0.0123474194737512	0
0	0	0.0260955800485521	0.11154075755432	0.0260955800485521	0	0
0	0.0123474194737512	0.0977925969795193	0.0398437406233529	0	0	0
0	0.0840444364047185	0.0535919011981538	0	0	0	0
0.0631738847218365	0.0673400617729546	0	0	0	0	0
0	0	0	0	0	0	0
i:  9
j: 240
0	0	0	0	0.0515668461264171
0	0	0	0.0406694893093819	0.0853276880479024
0	0	0	0.0962250448649374	0.029772132492347
0	0	0.0555555555555554	0.0704416218017289	0
0	0.0148860662461735	0.111111111111111	0.0148860662461735	0
0	0.0704416218017289	0.0555555555555554	0	0
0.029772132492347	0.0962250448649374	0	0	0
0.0853276880479024	0.0406694893093819	0	0	0
0.0515668461264171	0	0	0	0
i:  9
j: 250
0	0	0	0.0605346455479236	0.034985949714286
0	0	0	0.0987764591887921	0.0158576458965247
0	0	0.0341596783091178	0.080474426776199	0
0	0	0.0711368547580363	0.0434972503272805	0
0	0.00652007387836199	0.108114031206955	0.00652007387836199	0
0	0.0434972503272805	0.0711368547580363	0	0
0	0.080474426776199	0.0341596783091178	0	0
0.0158576458965247	0.0987764591887921	0	0	0
0.034985949714286	0.0605346455479236	0	0	0
i:  9
j: 260
0	0.0332541194048203	0.0756355586619155
0	0.0526188411986135	0.0588885797790131
0	0.0716921354505711	0.0398152855270555
0	0.0907654297025286	0.020741991275098
0.00166869702314048	0.109838723954486	0.00166869702314048
0.020741991275098	0.0907654297025286	0
0.0398152855270555	0.0716921354505711	0
0.0588885797790131	0.0526188411986135	0
0.0756355586619155	0.0332541194048203	0
i:  9
j: 270
0.111111111111111
0.111111111111111
0.111111111111111
0.111111111111111
0.111111111111111
0.111111111111111
0.111111111111111
0.111111111111111
0.111111111111111
i:  9
j: 280
0.0756355586619155	0.0332541194048203	0
0.058888579779013	0.0526188411986136	0
0.0398152855270555	0.0716921354505711	0
0.020741991275098	0.0907654297025286	0
0.00166869702314048	0.109838723954486	0.00166869702314048
0	0.0907654297025286	0.020741991275098
0	0.0716921354505711	0.0398152855270555
0	0.0526188411986136	0.058888579779013
0	0.0332541194048203	0.0756355586619155
i:  9
j: 290
0.034985949714286	0.0605346455479236	0	0	0
0.0158576458965246	0.0987764591887921	0	0	0
0	0.0804744267761989	0.0341596783091178	0	0
0	0.0434972503272804	0.0711368547580363	0	0
0	0.00652007387836197	0.108114031206955	0.00652007387836197	0
0	0	0.0711368547580363	0.0434972503272804	0
0	0	0.0341596783091178	0.0804744267761989	0
0	0	0	0.0987764591887921	0.0158576458965246
0	0	0	0.0605346455479236	0.034985949714286
i:  9
j: 300
0	0.0515668461264171	0	0	0	0	0
0	0.0853276880479022	0.0406694893093821	0	0	0	0
0	0.0297721324923469	0.0962250448649375	7.40148683083436e-17	0	0	0
0	0	0.0704416218017288	0.0555555555555555	0	0	0
0	0	0.0148860662461735	0.111111111111111	0.0148860662461735	0	0
0	0	0	0.0555555555555555	0.0704416218017288	0	0
0	0	0	7.40148683083436e-17	0.0962250448649375	0.0297721324923469	0
0	0	0	0	0.0406694893093821	0.0853276880479022	0
0	0	0	0	0	0.0515668461264171	0
i:  9
j: 310
0	0	0	0	0	0	0
0.0631738847218365	0.0673400617729546	0	0	0	0	0
0	0.0840444364047185	0.0535919011981538	0	0	0	0
0	0.0123474194737512	0.0977925969795193	0.0398437406233529	0	0	0
0	0	0.0260955800485521	0.11154075755432	0.0260955800485521	0	0
0	0	0	0.0398437406233529	0.0977925969795193	0.0123474194737512	0
0	0	0	0	0.0535919011981538	0.0840444364047185	0
0	0	0	0	0	0.0673400617729546	0.0631738847218365
0	0	0	0	0	0	0
i: 10
j: 230
0	0	0	0	0	0	0.0438310439687689
0	0	0	0	0	0.0605740275260305	0.0632332141520106
0	0	0	0	0.048207221865856	0.0756000198121851	0
0	0	0	0.0358404162056815	0.0879668254723595	0.0111068048853326	0
0	0	0.0234736105455071	0.100333631132534	0.0234736105455071	0	0
0	0.0111068048853326	0.0879668254723595	0.0358404162056815	0	0	0
0	0.0756000198121851	0.048207221865856	0	0	0	0
0.0632332141520106	0.0605740275260305	0	0	0	0	0
0.0438310439687689	0	0	0	0	0	0
i: 10
j: 240
0	0	0	0	0	0.0730454748103865	0.0242446165867218
0	0	0	0	0.0365227374051932	0.07662748652334	0
0	0	0	0	0.0864137245164354	0.0267364994120978	0
0	0	0	0.0498909871112422	0.0632592368172911	0	0
0	0	0.0133682497060489	0.0997819742224843	0.0133682497060489	0	0
0	0	0.0632592368172911	0.0498909871112422	0	0	0
0	0.0267364994120978	0.0864137245164354	0	0	0	0
0	0.07662748652334	0.0365227374051932	0	0	0	0
0.0242446165867218	0.0730454748103865	0	0	0	0	0
i: 10
j: 250
0	0	0	0.00593626887905822	0.0102186550656454
0	0	0	0.0576006559097759	0.0492452385699038
0	0	0	0.0920656128270669	0.0147802816526129
0	0	0.0318388788516246	0.0750070156280551	0
0	0	0.0663038357689155	0.0405420587107642	0
0	0.00607710179347326	0.100768792686206	0.00607710179347326	0
0	0.0405420587107642	0.0663038357689155	0	0
0	0.0750070156280551	0.0318388788516246	0	0
0.0147802816526129	0.0920656128270669	0	0	0
0.0492452385699038	0.0576006559097759	0	0	0
0.0102186550656454	0.00593626887905822	0	0	0
i: 10
j: 260
0	0.00337386547041742	0.0390992918271695
0	0.0305361050175862	0.07096774950676
0	0.0478982937228491	0.0536055608014971
0	0.065260482428112	0.0362433720962342
0	0.0826226711333749	0.0188811833909713
0.00151899468570837	0.0999848598386378	0.00151899468570837
0.0188811833909713	0.0826226711333749	0
0.0362433720962342	0.065260482428112	0
0.0536055608014971	0.0478982937228491	0
0.07096774950676	0.0305361050175862	0
0.0390992918271695	0.00337386547041742	0
i: 10
j: 270
0.0499999999999999
0.0999999999999998
0.0999999999999998
0.0999999999999998
0.0999999999999998
0.0999999999999998
0.0999999999999998
0.0999999999999998
0.0999999999999998
0.0999999999999998
0.0499999999999999
i: 10
j: 280
0.0390992918271695	0.00337386547041747	0
0.07096774950676	0.0305361050175862	0
0.0536055608014971	0.0478982937228491	0
0.0362433720962342	0.065260482428112	0
0.0188811833909713	0.0826226711333749	0
0.00151899468570837	0.0999848598386378	0.00151899468570837
0	0.0826226711333749	0.0188811833909713
0	0.065260482428112	0.0362433720962342
0	0.0478982937228491	0.0536055608014971
0	0.0305361050175862	0.07096774950676
0	0.00337386547041747	0.0390992918271695
i: 10
j: 290
0.0102186550656455	0.00593626887905828	0	0	0
0.0492452385699037	0.057600655909776	0	0	0
0.0147802816526128	0.0920656128270669	0	0	0
0	0.0750070156280551	0.0318388788516246	0	0
0	0.0405420587107642	0.0663038357689155	0	0
0	0.00607710179347325	0.100768792686206	0.00607710179347325	0
0	0	0.0663038357689155	0.0405420587107642	0
0	0	0.0318388788516246	0.0750070156280551	0
0	0	0	0.0920656128270669	0.0147802816526128
0	0	0	0.057600655909776	0.0492452385699037
0	0	0	0.00593626887905828	0.0102186550656455
i: 10
j: 300
0.0242446165867217	0.0730454748103866	0	0	0	0	0
0	0.0766274865233398	0.0365227374051933	0	0	0	0
0	0.0267364994120977	0.0864137245164354	6.64681471346135e-17	0	0	0
0	0	0.063259236817291	0.0498909871112422	0	0	0
0	0	0.0133682497060489	0.0997819742224843	0.0133682497060489	0	0
0	0	0	0.0498909871112422	0.063259236817291	0	0
0	0	0	6.64681471346135e-17	0.0864137245164354	0.0267364994120977	0
0	0	0	0	0.0365227374051933	0.0766274865233398	0
0	0	0	0	0	0.0730454748103866	0.0242446165867217
i: 10
j: 310
0.0438310439687689	0	0	0	0	0	0
0.0632332141520106	0.0605740275260305	0	0	0	0	0
0	0.0756000198121851	0.048207221865856	0	0	0	0
0	0.0111068048853326	0.0879668254723595	0.0358404162056815	0	0	0
0	0	0.0234736105455071	0.100333631132534	0.0234736105455071	0	0
0	0	0	0.0358404162056815	0.0879668254723595	0.0111068048853326	0
0	0	0	0	0.048207221865856	0.0756000198121851	0
0	0	0	0	0	0.0605740275260305	0.0632332141520106
0	0	0	0	0	0	0.0438310439687689
i: 11
j: 230
0	0	0	0	0	0	0	0.0664520509513592	0.0179013174682107
0	0	0	0	0	0	0.0551931256381486	0.0576160918422685	0
0	0	0	0	0	0.0439248859911933	0.0688843314892238	0	0
0	0	0	0	0.032656646344238	0.0801525711361791	0.0101201670503275	0	0
0	0	0	0.0213884066972828	0.0914208107831344	0.0213884066972828	0	0	0
0	0	0.0101201670503275	0.0801525711361791	0.032656646344238	0	0	0	0
0	0	0.0688843314892238	0.0439248859911933	0	0	0	0	0
0	0.0576160918422685	0.0551931256381486	0	0	0	0	0	0
0.0179013174682107	0.0664520509513592	0	0	0	0	0	0	0
i: 11
j: 240
0	0	0	0	0	0.0149262815267527	0.0149262815267528
0	0	0	0	0	0.0665864491519248	0.0364605901071028
0	0	0	0	0.0332932245759624	0.0698517224820704	0
0	0	0	0	0.0787726151206274	0.0243723319374053	0
0	0	0	0.045479390544665	0.0576655565133677	0	0
0	0	0.0121861659687027	0.0909587810893301	0.0121861659687027	0	0
0	0	0.0576655565133677	0.045479390544665	0	0	0
0	0.0243723319374053	0.0787726151206274	0	0	0	0
0	0.0698517224820704	0.0332932245759624	0	0	0	0
0.0364605901071028	0.0665864491519248	0	0	0	0	0
0.0149262815267528	0.0149262815267527	0	0	0	0	0
i: 11
j: 250
0	0	0	0.0203615547580946	0.0518294451684113
0	0	0	0.0509296885053396	0.0435419462004889
0	0	0	0.0814031178860226	0.0130685168198059
0	0	0.0281514881499341	0.0663201465558945	0
0	0	0.0586249175306171	0.0358467171752115	0
0	0.00537328779452849	0.0890983469113001	0.00537328779452849	0
0	0.0358467171752115	0.0586249175306171	0	0
0	0.0663201465558945	0.0281514881499341	0	0
0.0130685168198059	0.0814031178860226	0	0	0
0.0435419462004889	0.0509296885053396	0	0	0
0.0518294451684113	0.0203615547580946	0	0	0
i: 11
j: 260
0	0.0115665753492678	0.0763566546249686
0	0.0275026913185919	0.0639179131436541
0	0.0431401446316777	0.0482804598305683
0	0.0587775979447635	0.0326430065174825
0	0.0744150512578493	0.0170055532043967
0.00136809989131093	0.090052504570935	0.00136809989131093
0.0170055532043967	0.0744150512578493	0
0.0326430065174825	0.0587775979447635	0
0.0482804598305683	0.0431401446316777	0
0.0639179131436541	0.0275026913185919	0
0.0763566546249686	0.0115665753492678	0
i: 11
j: 270
0.0909090909090907
0.0909090909090907
0.0909090909090907
0.0909090909090907
0.0909090909090907
0.0909090909090907
0.0909090909090907
0.0909090909090907
0.0909090909090907
0.0909090909090907
0.0909090909090907
i: 11
j: 280
0.0763566546249686	0.0115665753492678	0
0.063917913143654	0.0275026913185919	0
0.0482804598305683	0.0431401446316777	0
0.0326430065174825	0.0587775979447635	0
0.0170055532043967	0.0744150512578493	0
0.00136809989131093	0.090052504570935	0.00136809989131093
0	0.0744150512578493	0.0170055532043967
0	0.0587775979447635	0.0326430065174825
0	0.0431401446316777	0.0482804598305683
0	0.0275026913185919	0.063917913143654
0	0.0115665753492678	0.0763566546249686
i: 11
j: 290
0.0518294451684113	0.0203615547580947	0	0	0
0.0435419462004889	0.0509296885053397	0	0	0
0.0130685168198059	0.0814031178860227	0	0	0
0	0.0663201465558945	0.0281514881499341	0	0
0	0.0358467171752115	0.0586249175306171	0	0
0	0.00537328779452848	0.0890983469113001	0.00537328779452848	0
0	0	0.0586249175306171	0.0358467171752115	0
0	0	0.0281514881499341	0.0663201465558945	0
0	0	0	0.0814031178860227	0.0130685168198059
0	0	0	0.0509296885053397	0.0435419462004889
0	0	0	0.0203615547580947	0.0518294451684113
i: 11
j: 300
0.0149262815267526	0.0149262815267528	0	0	0	0	0
0.0364605901071027	0.0665864491519249	0	0	0	0	0
0	0.0698517224820702	0.0332932245759625	0	0	0	0
0	0.0243723319374052	0.0787726151206275	6.05907198343281e-17	0	0	0
0	0	0.0576655565133676	0.0454793905446651	0	0	0
0	0	0.0121861659687026	0.0909587810893301	0.0121861659687026	0	0
0	0	0	0.0454793905446651	0.0576655565133676	0	0
0	0	0	6.05907198343281e-17	0.0787726151206275	0.0243723319374052	0
0	0	0	0	0.0332932245759625	0.0698517224820702	0
0	0	0	0	0	0.0665864491519249	0.0364605901071027
0	0	0	0	0	0.0149262815267528	0.0149262815267526
i: 11
j: 310
0.0179013174682107	0.0664520509513592	0	0	0	0	0	0	0
0	0.0576160918422685	0.0551931256381486	0	0	0	0	0	0
0	0	0.0688843314892238	0.0439248859911933	0	0	0	0	0
0	0	0.0101201670503275	0.0801525711361791	0.032656646344238	0	0	0	0
0	0	0	0.0213884066972828	0.0914208107831344	0.0213884066972828	0	0	0
0	0	0	0	0.032656646344238	0.0801525711361791	0.0101201670503275	0	0
0	0	0	0	0	0.0439248859911933	0.0688843314892238	0	0
0	0	0	0	0	0	0.0551931256381486	0.0576160918422685	0
0	0	0	0	0	0	0	0.0664520509513592	0.0179013174682107
i: 12
j: 230
0	0	0	0	0	0	0	0.00410287303904513	0.00731493920024519
0	0	0	0	0	0	0	0.0616411028551051	0.0414401753362709
0	0	0	0	0	0	0.0511901180446919	0.0534373530866129	0
0	0	0	0	0	0.0407391332342787	0.0638883378970261	0	0
0	0	0	0	0.0302881484238655	0.0743393227074393	0.00938617880303911	0	0
0	0	0	0.0198371636134523	0.0847903075178525	0.0198371636134523	0	0	0
0	0	0.00938617880303911	0.0743393227074393	0.0302881484238655	0	0	0	0
0	0	0.0638883378970261	0.0407391332342787	0	0	0	0	0
0	0.0534373530866129	0.0511901180446919	0	0	0	0	0	0
0.0414401753362709	0.0616411028551051	0	0	0	0	0	0	0
0.00731493920024519	0.00410287303904513	0	0	0	0	0	0	0
i: 12
j: 240
0	0	0	0	0	0.0191538934998224	0.0541154369342817
0	0	0	0	0	0.0604247981359485	0.0331755167044557
0	0	0	0	0.0302123990679742	0.0633879157724299	0
0	0	0	0	0.0714833037041004	0.0221170111363038	0
0	0	0	0.0412709046361261	0.052329410204278	0	0
0	0	0.0110585055681519	0.0825418092722523	0.0110585055681519	0	0
0	0	0.052329410204278	0.0412709046361261	0	0	0
0	0.0221170111363038	0.0714833037041004	0	0	0	0
0	0.0633879157724299	0.0302123990679742	0	0	0	0
0.0331755167044557	0.0604247981359485	0	0	0	0	0
0.0541154369342817	0.0191538934998224	0	0	0	0	0
i: 12
j: 250
0	0	0	0	0.0132732344787779
0	0	0	0.0190637143623275	0.0689768334425876
0	0	0	0.0474626874988027	0.0405778603061123
0	0	0	0.075861660635278	0.0121788871696371
0	0	0.0262350963435891	0.061805451461326	0
0	0	0.0546340694800643	0.0334064783248507	0
0	0.00500750518837551	0.0830330426165396	0.00500750518837551	0
0	0.0334064783248507	0.0546340694800643	0	0
0	0.061805451461326	0.0262350963435891	0	0
0.0121788871696371	0.075861660635278	0	0	0
0.0405778603061123	0.0474626874988027	0	0	0
0.0689768334425876	0.0190637143623275	0	0	0
0.0132732344787779	0	0	0	0
i: 12
j: 260
0	0	0.0345258265206866
0	0.0109691969285131	0.0735474906596096
0	0.0254257383625803	0.0590909492255424
0	0.0398822797966475	0.0446344077914753
0	0.0543388212307147	0.0301778663574081
0	0.0687953626647819	0.0157213249233409
0.0012647834892737	0.083251904098849	0.0012647834892737
0.0157213249233409	0.0687953626647819	0
0.0301778663574081	0.0543388212307147	0
0.0446344077914753	0.0398822797966475	0
0.0590909492255424	0.0254257383625803	0
0.0735474906596096	0.0109691969285131	0
0.0345258265206866	0	0
i: 12
j: 270
0.0416666666666666
0.0833333333333331
0.0833333333333331
0.0833333333333331
0.0833333333333331
0.0833333333333331
0.0833333333333331
0.0833333333333331
0.0833333333333331
0.0833333333333331
0.0833333333333331
0.0833333333333331
0.0416666666666666
i: 12
j: 280
0.0345258265206866	0	0
0.0735474906596096	0.0109691969285131	0
0.0590909492255424	0.0254257383625803	0
0.0446344077914752	0.0398822797966475	0
0.0301778663574081	0.0543388212307147	0
0.0157213249233409	0.0687953626647819	0
0.0012647834892737	0.083251904098849	0.0012647834892737
0	0.0687953626647819	0.0157213249233409
0	0.0543388212307147	0.0301778663574081
0	0.0398822797966475	0.0446344077914752
0	0.0254257383625803	0.0590909492255424
0	0.0109691969285131	0.0735474906596096
0	0	0.0345258265206866
i: 12
j: 290
0.0132732344787779	0	0	0	0
0.0689768334425875	0.0190637143623276	0	0	0
0.0405778603061123	0.0474626874988028	0	0	0
0.0121788871696371	0.075861660635278	0	0	0
0	0.0618054514613259	0.0262350963435891	0	0
0	0.0334064783248507	0.0546340694800644	0	0
0	0.0050075051883755	0.0830330426165396	0.0050075051883755	0
0	0	0.0546340694800644	0.0334064783248507	0
0	0	0.0262350963435891	0.0618054514613259	0
0	0	0	0.075861660635278	0.0121788871696371
0	0	0	0.0474626874988028	0.0405778603061123
0	0	0	0.0190637143623276	0.0689768334425875
0	0	0	0	0.0132732344787779
i: 12
j: 300
0.0541154369342815	0.0191538934998225	0	0	0	0	0
0.0331755167044556	0.0604247981359486	0	0	0	0	0
0	0.0633879157724298	0.0302123990679743	0	0	0	0
0	0.0221170111363037	0.0714833037041004	5.49838902889636e-17	0	0	0
0	0	0.052329410204278	0.0412709046361261	0	0	0
0	0	0.0110585055681519	0.0825418092722522	0.0110585055681519	0	0
0	0	0	0.0412709046361261	0.052329410204278	0	0
0	0	0	5.49838902889636e-17	0.0714833037041004	0.0221170111363037	0
0	0	0	0	0.0302123990679743	0.0633879157724298	0
0	0	0	0	0	0.0604247981359486	0.0331755167044556
0	0	0	0	0	0.0191538934998225	0.0541154369342815
i: 12
j: 310
0.00731493920024519	0.00410287303904513	0	0	0	0	0	0	0
0.0414401753362709	0.0616411028551051	0	0	0	0	0	0	0
0	0.0534373530866129	0.0511901180446919	0	0	0	0	0	0
0	0	0.0638883378970261	0.0407391332342787	0	0	0	0	0
0	0	0.00938617880303911	0.0743393227074393	0.0302881484238655	0	0	0	0
0	0	0	0.0198371636134523	0.0847903075178525	0.0198371636134523	0	0	0
0	0	0	0	0.0302881484238655	0.0743393227074393	0.00938617880303911	0	0
0	0	0	0	0	0.0407391332342787	0.0638883378970261	0	0
0	0	0	0	0	0	0.0511901180446919	0.0534373530866129	0
0	0	0	0	0	0	0	0.0616411028551051	0.0414401753362709
0	0	0	0	0	0	0	0.00410287303904513	0.00731493920024519
i: 13
j: 230
0	0	0	0	0	0	0	0.00654068907676514	0.0444044572736846
0	0	0	0	0	0	0	0.05647548175404	0.0393840431921134
0	0	0	0	0	0	0.0469003058627255	0.0489592190834279	0
0	0	0	0	0	0.037325129971411	0.0585343949747424	0	0
0	0	0	0	0.0277499540800965	0.0681095708660569	0.0085996022974675	0	0
0	0	0	0.018174778188782	0.0776847467573714	0.018174778188782	0	0	0
0	0	0.0085996022974675	0.0681095708660569	0.0277499540800965	0	0	0	0
0	0	0.0585343949747424	0.037325129971411	0	0	0	0	0
0	0.0489592190834279	0.0469003058627255	0	0	0	0	0	0
0.0393840431921134	0.05647548175404	0	0	0	0	0	0	0
0.0444044572736846	0.00654068907676514	0	0	0	0	0	0	0
i: 13
j: 240
0	0	0	0	0	0	0.0150886479005101
0	0	0	0	0	0.0178500621206828	0.0693787529728217
0	0	0	0	0	0.0563116005822211	0.0309172145112833
0	0	0	0	0.0281558002911106	0.0590730148023939	0
0	0	0	0	0.0666173387526489	0.0206114763408556	0
0	0	0	0.0384615384615384	0.0487672766319661	0	0
0	0	0.0103057381704278	0.0769230769230767	0.0103057381704278	0	0
0	0	0.0487672766319661	0.0384615384615384	0	0	0
0	0.0206114763408556	0.0666173387526489	0	0	0	0
0	0.0590730148023939	0.0281558002911106	0	0	0	0
0.0309172145112833	0.0563116005822211	0	0	0	0	0
0.0693787529728217	0.0178500621206828	0	0	0	0	0
0.0150886479005101	0	0	0	0	0	0
i: 13
j: 250
0	0	0	0	0	0.0488296850513697	0
0	0	0	0	0.0176710684971916	0.0639379254911646	0
0	0	0	0	0.043995434777892	0.0376135592104642	0
0	0	0	0	0.0703198010585923	0.0112891929297638	0
0	0	0	0.0243185654016158	0.0572904285867404	0	0
0	0	0	0.0506429316823162	0.03096606230604	0	0
0	0	0.00464169602533964	0.0769672979630165	0.00464169602533964	0	0
0	0	0.03096606230604	0.0506429316823162	0	0	0
0	0	0.0572904285867404	0.0243185654016158	0	0	0
0	0.0112891929297638	0.0703198010585923	0	0	0	0
0	0.0376135592104642	0.043995434777892	0	0	0	0
0	0.0639379254911646	0.0176710684971916	0	0	0	0
0	0.0488296850513697	0	0	0	0	0
i: 13
j: 260
0	0	0	0.0689052802194096	0.00287687092562
0	0	0.0100912277845275	0.0676607855673838	0
0	0	0.0233906747302217	0.0543613386216896	0
0	0	0.036690121675916	0.0410618916759954	0
0	0	0.0499895686216102	0.0277624447303012	0
0	0	0.0632890155673044	0.014462997784607	0
0	0.00116355083891274	0.0765884625129986	0.00116355083891274	0
0	0.014462997784607	0.0632890155673044	0	0
0	0.0277624447303012	0.0499895686216102	0	0
0	0.0410618916759954	0.036690121675916	0	0
0	0.0543613386216896	0.0233906747302217	0	0
0	0.0676607855673838	0.0100912277845275	0	0
0.00287687092562	0.0689052802194096	0	0	0
i: 13
j: 270
0.0769230769230767
0.0769230769230767
0.0769230769230767
0.0769230769230767
0.0769230769230767
0.0769230769230767
0.0769230769230767
0.0769230769230767
0.0769230769230767
0.0769230769230767
0.0769230769230767
0.0769230769230767
0.0769230769230767
i: 13
j: 280
0.00287687092561992	0.0689052802194097	0	0	0
0	0.0676607855673838	0.0100912277845276	0	0
0	0.0543613386216896	0.0233906747302218	0	0
0	0.0410618916759954	0.036690121675916	0	0
0	0.0277624447303012	0.0499895686216102	0	0
0	0.014462997784607	0.0632890155673044	0	0
0	0.00116355083891274	0.0765884625129986	0.00116355083891274	0
0	0	0.0632890155673044	0.014462997784607	0
0	0	0.0499895686216102	0.0277624447303012	0
0	0	0.036690121675916	0.0410618916759954	0
0	0	0.0233906747302218	0.0543613386216896	0
0	0	0.0100912277845276	0.0676607855673838	0
0	0	0	0.0689052802194097	0.00287687092561992
i: 13
j: 290
0	0.0488296850513697	0	0	0	0	0
0	0.0639379254911645	0.0176710684971917	0	0	0	0
0	0.0376135592104642	0.043995434777892	0	0	0	0
0	0.0112891929297638	0.0703198010585924	0	0	0	0
0	0	0.0572904285867404	0.0243185654016158	0	0	0
0	0	0.03096606230604	0.0506429316823162	0	0	0
0	0	0.00464169602533963	0.0769672979630165	0.00464169602533963	0	0
0	0	0	0.0506429316823162	0.03096606230604	0	0
0	0	0	0.0243185654016158	0.0572904285867404	0	0
0	0	0	0	0.0703198010585924	0.0112891929297638	0
0	0	0	0	0.043995434777892	0.0376135592104642	0
0	0	0	0	0.0176710684971917	0.0639379254911645	0
0	0	0	0	0	0.0488296850513697	0
i: 13
j: 300
0	0.0150886479005102	0	0	0	0	0	0	0
0	0.0693787529728216	0.0178500621206829	0	0	0	0	0	0
0	0.0309172145112832	0.0563116005822212	0	0	0	0	0	0
0	0	0.0590730148023938	0.0281558002911106	0	0	0	0	0
0	0	0.0206114763408555	0.066617338752649	5.1241062675007e-17	0	0	0	0
0	0	0	0.0487672766319661	0.0384615384615384	0	0	0	0
0	0	0	0.0103057381704278	0.0769230769230767	0.0103057381704278	0	0	0
0	0	0	0	0.0384615384615384	0.0487672766319661	0	0	0
0	0	0	0	5.1241062675007e-17	0.066617338752649	0.0206114763408555	0	0
0	0	0	0	0	0.0281558002911106	0.0590730148023938	0	0
0	0	0	0	0	0	0.0563116005822212	0.0309172145112832	0
0	0	0	0	0	0	0.0178500621206829	0.0693787529728216	0
0	0	0	0	0	0	0	0.0150886479005102	0
i: 13
j: 310
0.0444044572736846	0.00654068907676514	0	0	0	0	0	0	0
0.0393840431921134	0.05647548175404	0	0	0	0	0	0	0
0	0.0489592190834279	0.0469003058627255	0	0	0	0	0	0
0	0	0.0585343949747424	0.037325129971411	0	0	0	0	0
0	0	0.0085996022974675	0.0681095708660569	0.0277499540800965	0	0	0	0
0	0	0	0.018174778188782	0.0776847467573714	0.018174778188782	0	0	0
0	0	0	0	0.0277499540800965	0.0681095708660569	0.0085996022974675	0	0
0	0	0	0	0	0.037325129971411	0.0585343949747424	0	0
0	0	0	0	0	0	0.0469003058627255	0.0489592190834279	0
0	0	0	0	0	0	0	0.05647548175404	0.0393840431921134
0	0	0	0	0	0	0	0.00654068907676514	0.0444044572736846
i: 14
j: 230
0	0	0	0	0	0	0	0	0.0061075068648274	0.0616761995962176	0.0129018193054367
0	0	0	0	0	0	0	0	0.0527351764407405	0.0367756839283141	0
0	0	0	0	0	0	0	0.0437941532852634	0.0457167070837911	0	0
0	0	0	0	0	0	0.0348531301297863	0.0546577302392682	0	0	0
0	0	0	0	0	0.0259121069743093	0.0635987533947453	0.00803006066335511	0	0	0
0	0	0	0	0.0169710838188322	0.0725397765502224	0.0169710838188322	0	0	0	0
0	0	0	0.00803006066335511	0.0635987533947453	0.0259121069743093	0	0	0	0	0
0	0	0	0.0546577302392682	0.0348531301297863	0	0	0	0	0	0
0	0	0.0457167070837911	0.0437941532852634	0	0	0	0	0	0	0
0	0.0367756839283141	0.0527351764407405	0	0	0	0	0	0	0	0
0.0129018193054367	0.0616761995962176	0.0061075068648274	0	0	0	0	0	0	0	0
i: 14
j: 240
0	0	0	0	0	0	0	0.0391707911118618	0.0115740224461314
0	0	0	0	0	0	0.0164438811019688	0.0639132770056883	0.00254387725951904
0	0	0	0	0	0	0.0518755205654254	0.0284816375422317	0
0	0	0	0	0	0.0259377602827127	0.0544193978249445	0	0
0	0	0	0	0	0.0613693997461693	0.0189877583614878	0	0
0	0	0	0	0.0354316394634566	0.0449255186442005	0	0	0
0	0	0	0.00949387918074391	0.0708632789269132	0.00949387918074391	0	0	0
0	0	0	0.0449255186442005	0.0354316394634566	0	0	0	0
0	0	0.0189877583614878	0.0613693997461693	0	0	0	0	0
0	0	0.0544193978249445	0.0259377602827127	0	0	0	0	0
0	0.0284816375422317	0.0518755205654254	0	0	0	0	0	0
0.00254387725951904	0.0639132770056883	0.0164438811019688	0	0	0	0	0	0
0.0115740224461314	0.0391707911118618	0	0	0	0	0	0	0
i: 14
j: 250
0	0	0	0	0	0.00576337585496625	0
0	0	0	0	0	0.0592147838692426	0.0154366997221435
0	0	0	0	0.0164339663170691	0.0594618097978664	0
0	0	0	0	0.0409154371938288	0.0349803389211068	0
0	0	0	0	0.0653969080705884	0.0104988680443471	0
0	0	0	0.022616090518415	0.0532796855965205	0	0
0	0	0	0.0470975613951747	0.0287982147197609	0	0
0	0	0.00431674384300126	0.0715790322719343	0.00431674384300126	0	0
0	0	0.0287982147197609	0.0470975613951747	0	0	0
0	0	0.0532796855965205	0.022616090518415	0	0	0
0	0.0104988680443471	0.0653969080705884	0	0	0	0
0	0.0349803389211068	0.0409154371938288	0	0	0	0
0	0.0594618097978664	0.0164339663170691	0	0	0	0
0.0154366997221435	0.0592147838692426	0	0	0	0	0
0	0.00576337585496625	0	0	0	0	0
i: 14
j: 260
0	0	0	0.0277077833479325	0
0	0	0	0.0674099078499294	0.0051668866946448
0	0	0.00941954984889337	0.0631572446956808	0
0	0	0.021833777943096	0.0507430166014782	0
0	0	0.0342480060372986	0.0383287885072756	0
0	0	0.0466622341315012	0.025914560413073	0
0	0	0.0590764622257038	0.0135003323188704	0
0	0.00108610422466778	0.0714906903199064	0.00108610422466778	0
0	0.0135003323188704	0.0590764622257038	0	0
0	0.025914560413073	0.0466622341315012	0	0
0	0.0383287885072756	0.0342480060372986	0	0
0	0.0507430166014782	0.021833777943096	0	0
0	0.0631572446956808	0.00941954984889337	0	0
0.0051668866946448	0.0674099078499294	0	0	0
0	0.0277077833479325	0	0	0
i: 14
j: 270
0.0357142857142856
0.0714285714285712
0.0714285714285712
0.0714285714285712
0.0714285714285712
0.0714285714285712
0.0714285714285712
0.0714285714285712
0.0714285714285712
0.0714285714285712
0.0714285714285712
0.0714285714285712
0.0714285714285712
0.0714285714285712
0.0357142857142856
i: 14
j: 280
0	0.0277077833479326	0	0	0
0.00516688669464475	0.0674099078499294	0	0	0
0	0.0631572446956807	0.0094195498488934	0	0
0	0.0507430166014781	0.021833777943096	0	0
0	0.0383287885072756	0.0342480060372986	0	0
0	0.025914560413073	0.0466622341315012	0	0
0	0.0135003323188704	0.0590764622257038	0	0
0	0.00108610422466778	0.0714906903199064	0.00108610422466778	0
0	0	0.0590764622257038	0.0135003323188704	0
0	0	0.0466622341315012	0.025914560413073	0
0	0	0.0342480060372986	0.0383287885072756	0
0	0	0.021833777943096	0.0507430166014781	0
0	0	0.0094195498488934	0.0631572446956807	0
0	0	0	0.0674099078499294	0.00516688669464475
0	0	0	0.0277077833479326	0
i: 14
j: 290
0	0.00576337585496628	0	0	0	0	0
0.0154366997221434	0.0592147838692426	0	0	0	0	0
0	0.0594618097978663	0.0164339663170692	0	0	0	0
0	0.0349803389211067	0.0409154371938288	0	0	0	0
0	0.0104988680443471	0.0653969080705884	0	0	0	0
0	0	0.0532796855965205	0.022616090518415	0	0	0
0	0	0.0287982147197609	0.0470975613951747	0	0	0
0	0	0.00431674384300125	0.0715790322719343	0.00431674384300125	0	0
0	0	0	0.0470975613951747	0.0287982147197609	0	0
0	0	0	0.022616090518415	0.0532796855965205	0	0
0	0	0	0	0.0653969080705884	0.0104988680443471	0
0	0	0	0	0.0409154371938288	0.0349803389211067	0
0	0	0	0	0.0164339663170692	0.0594618097978663	0
0	0	0	0	0	0.0592147838692426	0.0154366997221434
0	0	0	0	0	0.00576337585496628	0
i: 14
j: 300
0.0115740224461313	0.0391707911118619	0	0	0	0	0	0	0
0.00254387725951891	0.0639132770056883	0.0164438811019689	0	0	0	0	0	0
0	0.0284816375422316	0.0518755205654255	0	0	0	0	0	0
0	0	0.0544193978249444	0.0259377602827128	0	0	0	0	0
0	0	0.0189877583614878	0.0613693997461694	4.72044263190562e-17	0	0	0	0
0	0	0	0.0449255186442005	0.0354316394634567	0	0	0	0
0	0	0	0.00949387918074391	0.0708632789269133	0.00949387918074391	0	0	0
0	0	0	0	0.0354316394634567	0.0449255186442005	0	0	0
0	0	0	0	4.72044263190562e-17	0.0613693997461694	0.0189877583614878	0	0
0	0	0	0	0	0.0259377602827128	0.0544193978249444	0	0
0	0	0	0	0	0	0.0518755205654255	0.0284816375422316	0
0	0	0	0	0	0	0.0164438811019689	0.0639132770056883	0.00254387725951891
0	0	0	0	0	0	0	0.0391707911118619	0.0115740224461313
i: 14
j: 310
0.0129018193054367	0.0616761995962176	0.0061075068648274	0	0	0	0	0	0	0	0
0	0.0367756839283141	0.0527351764407405	0	0	0	0	0	0	0	0
0	0	0.0457167070837911	0.0437941532852634	0	0	0	0	0	0	0
0	0	0	0.0546577302392682	0.0348531301297863	0	0	0	0	0	0
0	0	0	0.00803006066335511	0.0635987533947453	0.0259121069743093	0	0	0	0	0
0	0	0	0	0.0169710838188322	0.0725397765502224	0.0169710838188322	0	0	0	0
0	0	0	0	0	0.0259121069743093	0.0635987533947453	0.00803006066335511	0	0	0
0	0	0	0	0	0	0.0348531301297863	0.0546577302392682	0	0	0
0	0	0	0	0	0	0	0.0437941532852634	0.0457167070837911	0	0
0	0	0	0	0	0	0	0	0.0527351764407405	0.0367756839283141	0
0	0	0	0	0	0	0	0	0.0061075068648274	0.0616761995962176	0.0129018193054367
i: 15
j: 230
0	0	0	0	0	0	0	0	0	0.0127041952489454	0.0126640251299007
0	0	0	0	0	0	0	0	0.00563075809837741	0.0568617879667922	0.0255562261500687
0	0	0	0	0	0	0	0	0.0486186963657965	0.0339049934262455	0
0	0	0	0	0	0	0	0.0403756047648008	0.0421480850272413	0	0
0	0	0	0	0	0	0.0321325131638051	0.050391176628237	0	0	0
0	0	0	0	0	0.0238894215628093	0.0586342682292327	0.00740323836081787	0	0	0
0	0	0	0	0.0156463299618136	0.0668773598302284	0.0156463299618136	0	0	0	0
0	0	0	0.00740323836081787	0.0586342682292327	0.0238894215628093	0	0	0	0	0
0	0	0	0.050391176628237	0.0321325131638051	0	0	0	0	0	0
0	0	0.0421480850272413	0.0403756047648008	0	0	0	0	0	0	0
0	0.0339049934262455	0.0486186963657965	0	0	0	0	0	0	0	0
0.0255562261500687	0.0568617879667922	0.00563075809837741	0	0	0	0	0	0	0	0
0.0126640251299007	0.0127041952489454	0	0	0	0	0	0	0	0	0
i: 15
j: 240
0	0	0	0	0	0	0	0	0
0	0	0	0	0	0	0	0.0402258912165252	0.0333703719804022
0	0	0	0	0	0	0.0156074599938537	0.0606623161379426	0.00241448246378186
0	0	0	0	0	0	0.049236862445343	0.0270329136864534	0
0	0	0	0	0	0.0246184312226715	0.0516513449091249	0	0
0	0	0	0	0	0.0582478336741608	0.0180219424576356	0	0
0	0	0	0	0.0336294024514893	0.0426403736803071	0	0	0
0	0	0	0.00901097122881779	0.0672588049029786	0.00901097122881779	0	0	0
0	0	0	0.0426403736803071	0.0336294024514893	0	0	0	0
0	0	0.0180219424576356	0.0582478336741608	0	0	0	0	0
0	0	0.0516513449091249	0.0246184312226715	0	0	0	0	0
0	0.0270329136864534	0.049236862445343	0	0	0	0	0	0
0.00241448246378186	0.0606623161379426	0.0156074599938537	0	0	0	0	0	0
0.0333703719804022	0.0402258912165252	0	0	0	0	0	0	0
0	0	0	0	0	0	0	0	0
i: 15
j: 250
0	0	0	0	0	0.0277704686524783	0.0171946540938691
0	0	0	0	0	0.0543810891662759	0.0153193251316783
0	0	0	0	0.0150924638957995	0.0546079504021548	0
0	0	0	0	0.037575515655483	0.0321248986424712	0
0	0	0	0	0.0600585674151665	0.00964184688278774	0
0	0	0	0.0207699421446901	0.0489304721532642	0	0
0	0	0	0.0432529939043736	0.0264474203935807	0	0
0	0	0.00396436863389715	0.0657360456640571	0.00396436863389715	0	0
0	0	0.0264474203935807	0.0432529939043736	0	0	0
0	0	0.0489304721532642	0.0207699421446901	0	0	0
0	0.00964184688278774	0.0600585674151665	0	0	0	0
0	0.0321248986424712	0.037575515655483	0	0	0	0
0	0.0546079504021548	0.0150924638957995	0	0	0	0
0.0153193251316783	0.0543810891662759	0	0	0	0	0
0.0171946540938691	0.0277704686524783	0	0	0	0	0
i: 15
j: 260
0	0	0	0.050146465268846	0.013754403895243
0	0	0	0.0622440963170473	0.00477093358140643
0	0	0.00869770315311833	0.0583173267453354	0
0	0	0.0201605939038012	0.0468544359946525	0
0	0	0.0316234846544841	0.0353915452439696	0
0	0	0.043086375405167	0.0239286544932867	0
0	0	0.0545492661558499	0.0124657637426038	0
0	0.00100287299192094	0.0660121569065328	0.00100287299192094	0
0	0.0124657637426038	0.0545492661558499	0	0
0	0.0239286544932867	0.043086375405167	0	0
0	0.0353915452439696	0.0316234846544841	0	0
0	0.0468544359946525	0.0201605939038012	0	0
0	0.0583173267453354	0.00869770315311833	0	0
0.00477093358140643	0.0622440963170473	0	0	0
0.013754403895243	0.050146465268846	0	0	0
i: 15
j: 270
0.0666666666666664
0.0666666666666664
0.0666666666666664
0.0666666666666664
0.0666666666666664
0.0666666666666664
0.0666666666666665
0.0666666666666665
0.0666666666666665
0.0666666666666664
0.0666666666666664
0.0666666666666664
0.0666666666666664
0.0666666666666664
0.0666666666666664
i: 15
j: 280
0.013754403895243	0.050146465268846	0	0	0
0.00477093358140639	0.0622440963170473	0	0	0
0	0.0583173267453353	0.00869770315311836	0	0
0	0.0468544359946524	0.0201605939038012	0	0
0	0.0353915452439696	0.0316234846544841	0	0
0	0.0239286544932867	0.043086375405167	0	0
0	0.0124657637426038	0.0545492661558499	0	0
0	0.00100287299192094	0.0660121569065327	0.00100287299192094	0
0	0	0.0545492661558499	0.0124657637426038	0
0	0	0.043086375405167	0.0239286544932867	0
0	0	0.0316234846544841	0.0353915452439696	0
0	0	0.0201605939038012	0.0468544359946524	0
0	0	0.00869770315311836	0.0583173267453353	0
0	0	0	0.0622440963170473	0.00477093358140639
0	0	0	0.050146465268846	0.013754403895243
i: 15
j: 290
0.0171946540938691	0.0277704686524783	0	0	0	0	0
0.0153193251316783	0.0543810891662759	0	0	0	0	0
0	0.0546079504021547	0.0150924638957995	0	0	0	0
0	0.0321248986424712	0.037575515655483	0	0	0	0
0	0.00964184688278771	0.0600585674151665	0	0	0	0
0	0	0.0489304721532641	0.0207699421446901	0	0	0
0	0	0.0264474203935806	0.0432529939043736	0	0	0
0	0	0.00396436863389714	0.0657360456640571	0.00396436863389714	0	0
0	0	0	0.0432529939043736	0.0264474203935806	0	0
0	0	0	0.0207699421446901	0.0489304721532641	0	0
0	0	0	0	0.0600585674151665	0.00964184688278771	0
0	0	0	0	0.037575515655483	0.0321248986424712	0
0	0	0	0	0.0150924638957995	0.0546079504021547	0
0	0	0	0	0	0.0543810891662759	0.0153193251316783
0	0	0	0	0	0.0277704686524783	0.0171946540938691
i: 15
j: 300
0	0	0	0	0	0	0	0	0
0.033370371980402	0.0402258912165254	0	0	0	0	0	0	0
0.00241448246378174	0.0606623161379426	0.0156074599938538	0	0	0	0	0	0
0	0.0270329136864533	0.0492368624453431	0	0	0	0	0	0
0	0	0.0516513449091248	0.0246184312226716	0	0	0	0	0
0	0	0.0180219424576355	0.0582478336741609	4.48033642872349e-17	0	0	0	0
0	0	0	0.0426403736803071	0.0336294024514893	0	0	0	0
0	0	0	0.00901097122881779	0.0672588049029786	0.00901097122881779	0	0	0
0	0	0	0	0.0336294024514893	0.0426403736803071	0	0	0
0	0	0	0	4.48033642872349e-17	0.0582478336741609	0.0180219424576355	0	0
0	0	0	0	0	0.0246184312226716	0.0516513449091248	0	0
0	0	0	0	0	0	0.0492368624453431	0.0270329136864533	0
0	0	0	0	0	0	0.0156074599938538	0.0606623161379426	0.00241448246378174
0	0	0	0	0	0	0	0.0402258912165254	0.033370371980402
0	0	0	0	0	0	0	0	0
i: 15
j: 310
0.0126640251299007	0.0127041952489454	0	0	0	0	0	0	0	0	0
0.0255562261500687	0.0568617879667922	0.00563075809837741	0	0	0	0	0	0	0	0
0	0.0339049934262455	0.0486186963657965	0	0	0	0	0	0	0	0
0	0	0.0421480850272413	0.0403756047648008	0	0	0	0	0	0	0
0	0	0	0.050391176628237	0.0321325131638051	0	0	0	0	0	0
0	0	0	0.00740323836081787	0.0586342682292327	0.0238894215628093	0	0	0	0	0
0	0	0	0	0.0156463299618136	0.0668773598302284	0.0156463299618136	0	0	0	0
0	0	0	0	0	0.0238894215628093	0.0586342682292327	0.00740323836081787	0	0	0
0	0	0	0	0	0	0.0321325131638051	0.050391176628237	0	0	0
0	0	0	0	0	0	0	0.0403756047648008	0.0421480850272413	0	0
0	0	0	0	0	0	0	0	0.0486186963657965	0.0339049934262455	0
0	0	0	0	0	0	0	0	0.00563075809837741	0.0568617879667922	0.0255562261500687
0	0	0	0	0	0	0	0	0	0.0127041952489454	0.0126640251299007
